                                         Salary Growth Over 10 Years (Do Loop)

  Obs    Present_salary  Incriment_inYear  year_of_experiance
    1             50500               500                   1
    2             51005               505                   2
    3          51515.05            510.05                   3
    4        52030.2005          515.1505                   4
    5      52550.502505        520.302005                   5
    6    53076.00753005      525.50502505                   6
    7  53606.7676053505    530.7600753005                   7
    8   54142.835281404    536.0676760535                   8
    9   54684.263634218     541.428352814                   9
   10  55231.1062705602    546.8426363422                  10
   11  55783.4173332658    552.3110627056                  11

                                                    While Loop Count

  Obs  Number_of_Year
    1               1
    2               2
    3               3
    4               4
    5               5
    6               6
    7               7
    8               8
    9               9
   10              10
   11              11
   12              12
   13              13
   14              14
   15              15
   16              16
   17              17
   18              18
   19              19
   20              20
   21              21
   22              22
   23              23
   24              24
   25              25
   26              26
   27              27
   28              28
   29              29
   30              30

                                             Years To Reach $100,000 Salary

  Obs      Salary  incriment  year
    1  $61,800.00       0.03     1
    2  $63,654.00       0.03     2
    3  $65,563.62       0.03     3
    4  $67,530.53       0.03     4
    5  $69,556.44       0.03     5
    6  $71,643.14       0.03     6
    7  $73,792.43       0.03     7
    8  $76,006.20       0.03     8
    9  $78,286.39       0.03     9
   10  $80,634.98       0.03    10
   11  $83,054.03       0.03    11
   12  $85,545.65       0.03    12
   13  $88,112.02       0.03    13
   14  $90,755.38       0.03    14
   15  $93,478.04       0.03    15
   16  $96,282.39       0.03    16
   17  $99,170.86       0.03    17

